1.369175146286555388e-03 5.738675021048011363e-04 4.625570801365181534e-03 9.934313865502434338e-01
5.281955264799673361e-04 1.705505524099723916e-04 1.863731790502012355e-03 9.974375221306079897e-01
1.612887415922163595e-03 1.648334079690456488e-03 1.328614351212891766e-02 9.834526349922585453e-01
9.293429988948996503e-05 4.342447514048879213e-05 8.722038988043324991e-04 9.989914373261656877e-01
4.520132933060584147e-03 3.565034394661591166e-02 2.119536227945401641e-01 7.478759003257833271e-01
2.054793061510449582e-03 1.248493813994866301e-02 1.006329250309257184e-01 8.848273437676151820e-01
3.654855685268703150e-03 7.028640167781238790e-02 4.178769632941706780e-01 5.081817793427483299e-01
2.011636793896457928e-03 2.980275652053941682e-02 2.402205384622521089e-01 7.279650682233119730e-01
9.268128173542060757e-04 1.057802728302050313e-02 1.155939130632227391e-01 8.729012468364024668e-01
1.581262177626991186e-03 5.712146105905972077e-02 4.604187577045489310e-01 4.808785190587643865e-01
8.893422864102700637e-04 2.474971225865767177e-02 2.704583766539626066e-01 7.039025688009693527e-01
1.621179556908596946e-05 1.774708162232301436e-03 8.882600640357932176e-02 9.093830736386192548e-01
1.004830363847314187e-06 5.029281446553104826e-05 6.272618498770263576e-03 9.936760838564003828e-01
2.993641113648551077e-06 4.742372868467930290e-04 4.362767309584744679e-02 9.558950959761921551e-01
1.181494858415293710e-06 1.441894834633874860e-04 1.798359528915306413e-02 9.818710337325251558e-01
5.386125655452812356e-07 1.234731643609145559e-04 2.087815388129913782e-02 9.789978343417743423e-01
3.414358214737577777e-06 8.146226073077563718e-06 5.527722464795743664e-04 9.994356671692326000e-01
1.312333229213102332e-06 2.412110996191458488e-06 2.219032390144741939e-04 9.997743723167602514e-01
5.043021298406160140e-07 7.140847404427112871e-07 8.906204992087679454e-05 9.999097195632089541e-01
1.560947487013199051e-06 6.995681291918734919e-06 6.435708556699069926e-04 9.993478725155512388e-01
5.999928917766487640e-07 2.071541391826051408e-06 2.583667069227561720e-04 9.997389617587936206e-01
2.743123074651511375e-07 1.779045890416780714e-06 3.008199721313065730e-04 9.996971266696709213e-01
4.819709047436841454e-08 4.523377296946030752e-07 1.405838694429080286e-04 9.998589155957369190e-01
